问题二3编号全部解决方案：
n = 5+1 = 6:
                                    COST        38.00000            1.000000
							X_MODEL( 1)        1.000000            0.000000
                             X_MODEL( 2)        3.000000            0.000000
                             X_MODEL( 3)        5.000000            0.000000
                             X_MODEL( 4)        10.00000            0.000000
                             X_MODEL( 5)        13.00000            0.000000
                                R( 6, 1)        1.000000            0.000000
                                R( 6, 3)        1.000000            0.000000
                               R( 17, 4)        1.000000            0.000000
                               R( 27, 1)        1.000000            0.000000
                               R( 27, 2)        5.000000            0.000000
                               R( 27, 3)        2.000000            0.000000
                               R( 27, 4)        1.000000            0.000000
                               R( 27, 5)        2.000000            0.000000
                               R( 37, 4)        5.000000            0.000000
                               R( 37, 5)        6.000000            0.000000
                               R( 43, 1)        9.000000            0.000000
                               R( 43, 2)        1.000000            0.000000
                               R( 43, 3)        6.000000            0.000000
                               R( 43, 4)        1.000000            0.000000
